iy id it imin qn qh qe qs qf U RH Tair pres rain kdown snow ldown fcld Wuh xsmd lai kdiff kdir wdir
2024 153 0 0 -999.0 -20.99 4.44 -999.0 -999.0 5.88 90.23 13.04 98.42 0.0 0.0 -999.0 329.79 -999.0 -999.0 -999.0 -999.0 -999.0 -999.0 -999.0
2024 153 1 0 -999.0 -10.85 6.13 -999.0 -999.0 5.86 91.39 12.9 98.39 0.0 0.0 -999.0 349.89 -999.0 -999.0 -999.0 -999.0 -999.0 -999.0 -999.0
2024 153 2 0 -999.0 -2.78 7.25 -999.0 -999.0 5.88 92.8 12.75 98.4 0.02 0.0 -999.0 366.43 -999.0 -999.0 -999.0 -999.0 -999.0 -999.0 -999.0
2024 153 3 0 -999.0 2.33 7.96 -999.0 -999.0 6.51 92.9 12.64 98.42 0.01 0.0 -999.0 375.21 -999.0 -999.0 -999.0 -999.0 -999.0 -999.0 -999.0
2024 153 4 0 -999.0 3.56 7.64 -999.0 -999.0 7.39 92.48 12.65 98.41 0.01 1.35 -999.0 375.03 -999.0 -999.0 -999.0 -999.0 -999.0 -999.0 -999.0
2024 153 5 0 -999.0 6.99 9.92 -999.0 -999.0 7.95 92.05 12.72 98.44 0.07 13.76 -999.0 374.28 -999.0 -999.0 -999.0 -999.0 -999.0 -999.0 -999.0
2024 153 6 0 -999.0 10.01 12.73 -999.0 -999.0 8.86 92.21 12.84 98.5 0.11 24.41 -999.0 375.11 -999.0 -999.0 -999.0 -999.0 -999.0 -999.0 -999.0
2024 153 7 0 -999.0 12.51 45.31 -999.0 -999.0 7.99 90.46 13.25 98.55 0.32 83.0 -999.0 373.64 -999.0 -999.0 -999.0 -999.0 -999.0 -999.0 -999.0
2024 153 8 0 -999.0 19.35 86.02 -999.0 -999.0 7.63 88.95 13.7 98.57 0.3 157.63 -999.0 374.65 -999.0 -999.0 -999.0 -999.0 -999.0 -999.0 -999.0
2024 153 9 0 -999.0 23.09 111.27 -999.0 -999.0 7.52 90.25 13.73 98.58 0.09 217.26 -999.0 371.17 -999.0 -999.0 -999.0 -999.0 -999.0 -999.0 -999.0
2024 153 10 0 -999.0 38.8 142.08 -999.0 -999.0 6.27 85.5 14.8 98.61 0.19 288.72 -999.0 377.56 -999.0 -999.0 -999.0 -999.0 -999.0 -999.0 -999.0
2024 153 11 0 -999.0 18.44 111.86 -999.0 -999.0 7.27 85.97 15.02 98.64 0.47 212.04 -999.0 380.57 -999.0 -999.0 -999.0 -999.0 -999.0 -999.0 -999.0
2024 153 12 0 -999.0 40.15 169.17 -999.0 -999.0 5.97 85.6 15.54 98.67 1.03 327.26 -999.0 382.75 -999.0 -999.0 -999.0 -999.0 -999.0 -999.0 -999.0
2024 153 13 0 -999.0 24.79 174.6 -999.0 -999.0 5.84 82.92 16.12 98.67 0.37 329.43 -999.0 367.1 -999.0 -999.0 -999.0 -999.0 -999.0 -999.0 -999.0
2024 153 14 0 -999.0 -2.08 103.22 -999.0 -999.0 6.27 85.5 16.3 98.67 0.3 170.77 -999.0 381.59 -999.0 -999.0 -999.0 -999.0 -999.0 -999.0 -999.0
2024 153 15 0 -999.0 17.97 118.24 -999.0 -999.0 5.9 87.15 16.78 98.68 0.14 242.29 -999.0 376.86 -999.0 -999.0 -999.0 -999.0 -999.0 -999.0 -999.0
2024 153 16 0 -999.0 24.59 100.42 -999.0 -999.0 7.09 88.3 17.51 98.67 0.15 229.67 -999.0 388.35 -999.0 -999.0 -999.0 -999.0 -999.0 -999.0 -999.0
2024 153 17 0 -999.0 13.74 73.52 -999.0 -999.0 6.95 89.22 16.93 98.73 0.88 173.3 -999.0 388.91 -999.0 -999.0 -999.0 -999.0 -999.0 -999.0 -999.0
2024 153 18 0 -999.0 -6.02 45.67 -999.0 -999.0 7.2 90.48 16.77 98.76 0.76 100.45 -999.0 368.58 -999.0 -999.0 -999.0 -999.0 -999.0 -999.0 -999.0
2024 153 19 0 -999.0 -7.65 22.92 -999.0 -999.0 8.03 90.81 16.69 98.8 0.13 33.41 -999.0 389.22 -999.0 -999.0 -999.0 -999.0 -999.0 -999.0 -999.0
2024 153 20 0 -999.0 -20.42 6.92 -999.0 -999.0 7.7 91.36 16.4 98.88 0.06 3.44 -999.0 373.39 -999.0 -999.0 -999.0 -999.0 -999.0 -999.0 -999.0
2024 153 21 0 -999.0 -13.57 10.17 -999.0 -999.0 7.9 92.82 15.98 98.88 0.02 0.0 -999.0 389.4 -999.0 -999.0 -999.0 -999.0 -999.0 -999.0 -999.0
2024 153 22 0 -999.0 -9.41 10.68 -999.0 -999.0 7.87 93.88 15.58 98.94 0.04 0.0 -999.0 393.52 -999.0 -999.0 -999.0 -999.0 -999.0 -999.0 -999.0
2024 153 23 0 -999.0 -6.26 9.22 -999.0 -999.0 7.35 94.4 15.09 98.93 0.01 0.0 -999.0 391.71 -999.0 -999.0 -999.0 -999.0 -999.0 -999.0 -999.0
2024 154 0 0 -999.0 -4.44 10.13 -999.0 -999.0 8.69 94.27 14.7 98.94 0.05 0.0 -999.0 389.35 -999.0 -999.0 -999.0 -999.0 -999.0 -999.0 -999.0
2024 154 1 0 -999.0 -3.05 10.63 -999.0 -999.0 8.58 94.5 14.2 98.95 0.04 0.0 -999.0 384.56 -999.0 -999.0 -999.0 -999.0 -999.0 -999.0 -999.0
2024 154 2 0 -999.0 -0.38 11.22 -999.0 -999.0 9.12 94.84 13.76 98.98 0.06 0.0 -999.0 382.35 -999.0 -999.0 -999.0 -999.0 -999.0 -999.0 -999.0
2024 154 3 0 -999.0 2.42 9.66 -999.0 -999.0 8.83 95.35 13.31 98.99 0.06 0.0 -999.0 379.21 -999.0 -999.0 -999.0 -999.0 -999.0 -999.0 -999.0
2024 154 4 0 -999.0 4.19 7.78 -999.0 -999.0 8.55 96.57 12.85 99.01 0.12 1.56 -999.0 373.07 -999.0 -999.0 -999.0 -999.0 -999.0 -999.0 -999.0
2024 154 5 0 -999.0 8.98 11.7 -999.0 -999.0 9.1 96.17 12.59 99.05 0.04 17.64 -999.0 368.61 -999.0 -999.0 -999.0 -999.0 -999.0 -999.0 -999.0
2024 154 6 0 -999.0 19.99 28.58 -999.0 -999.0 8.6 96.24 12.39 99.09 0.02 57.65 -999.0 373.84 -999.0 -999.0 -999.0 -999.0 -999.0 -999.0 -999.0
2024 154 7 0 -999.0 31.03 50.05 -999.0 -999.0 8.5 95.49 12.28 99.15 0.03 103.3 -999.0 373.73 -999.0 -999.0 -999.0 -999.0 -999.0 -999.0 -999.0
2024 154 8 0 -999.0 44.96 72.95 -999.0 -999.0 9.11 95.01 12.03 99.17 0.04 157.58 -999.0 373.69 -999.0 -999.0 -999.0 -999.0 -999.0 -999.0 -999.0
2024 154 9 0 -999.0 64.7 105.8 -999.0 -999.0 8.85 92.12 12.02 99.2 0.05 241.05 -999.0 371.44 -999.0 -999.0 -999.0 -999.0 -999.0 -999.0 -999.0
2024 154 10 0 -999.0 107.85 181.49 -999.0 -999.0 7.59 89.35 12.51 99.2 0.05 426.85 -999.0 369.55 -999.0 -999.0 -999.0 -999.0 -999.0 -999.0 -999.0
2024 154 11 0 -999.0 86.65 166.93 -999.0 -999.0 8.07 87.78 12.5 99.22 0.02 375.65 -999.0 373.67 -999.0 -999.0 -999.0 -999.0 -999.0 -999.0 -999.0
2024 154 12 0 -999.0 114.35 204.81 -999.0 -999.0 8.35 82.77 13.18 99.22 0.01 489.58 -999.0 376.63 -999.0 -999.0 -999.0 -999.0 -999.0 -999.0 -999.0
2024 154 13 0 -999.0 83.46 191.4 -999.0 -999.0 8.53 78.42 13.83 99.22 0.0 436.12 -999.0 373.37 -999.0 -999.0 -999.0 -999.0 -999.0 -999.0 -999.0
2024 154 14 0 -999.0 63.44 191.06 -999.0 -999.0 8.14 75.85 14.22 99.22 0.0 392.56 -999.0 377.03 -999.0 -999.0 -999.0 -999.0 -999.0 -999.0 -999.0
2024 154 15 0 -999.0 51.64 193.41 -999.0 -999.0 7.83 72.94 14.7 99.19 0.0 389.89 -999.0 368.68 -999.0 -999.0 -999.0 -999.0 -999.0 -999.0 -999.0
2024 154 16 0 -999.0 36.76 181.04 -999.0 -999.0 8.07 72.28 14.87 99.14 0.0 351.46 -999.0 368.52 -999.0 -999.0 -999.0 -999.0 -999.0 -999.0 -999.0
2024 154 17 0 -999.0 8.72 137.74 -999.0 -999.0 8.21 72.54 14.62 99.13 0.0 249.97 -999.0 359.86 -999.0 -999.0 -999.0 -999.0 -999.0 -999.0 -999.0
2024 154 18 0 -999.0 -12.54 95.18 -999.0 -999.0 7.19 74.24 14.25 99.14 0.0 178.26 -999.0 326.95 -999.0 -999.0 -999.0 -999.0 -999.0 -999.0 -999.0
2024 154 19 0 -999.0 -8.77 38.02 -999.0 -999.0 6.13 74.71 13.94 99.14 0.0 43.7 -999.0 350.0 -999.0 -999.0 -999.0 -999.0 -999.0 -999.0 -999.0
2024 154 20 0 -999.0 -13.58 17.4 -999.0 -999.0 5.11 77.42 13.33 99.19 0.0 4.33 -999.0 354.92 -999.0 -999.0 -999.0 -999.0 -999.0 -999.0 -999.0
2024 154 21 0 -999.0 -14.99 13.19 -999.0 -999.0 5.16 80.11 12.57 99.19 0.0 0.0 -999.0 350.86 -999.0 -999.0 -999.0 -999.0 -999.0 -999.0 -999.0
2024 154 22 0 -999.0 -18.61 10.6 -999.0 -999.0 4.73 80.26 12.29 99.16 0.0 0.0 -999.0 332.64 -999.0 -999.0 -999.0 -999.0 -999.0 -999.0 -999.0
2024 154 23 0 -999.0 -21.47 8.35 -999.0 -999.0 5.36 83.17 11.36 99.14 0.0 0.0 -999.0 314.69 -999.0 -999.0 -999.0 -999.0 -999.0 -999.0 -999.0
2024 155 0 0 -999.0 -21.24 7.23 -999.0 -999.0 5.06 87.04 10.45 99.11 0.0 0.0 -999.0 306.86 -999.0 -999.0 -999.0 -999.0 -999.0 -999.0 -999.0
2024 155 1 0 -999.0 -20.98 5.72 -999.0 -999.0 6.25 89.36 9.85 99.06 0.0 0.0 -999.0 295.6 -999.0 -999.0 -999.0 -999.0 -999.0 -999.0 -999.0
2024 155 2 0 -999.0 -11.11 6.65 -999.0 -999.0 4.98 88.96 9.57 99.05 0.0 0.0 -999.0 316.35 -999.0 -999.0 -999.0 -999.0 -999.0 -999.0 -999.0
2024 155 3 0 -999.0 -6.48 7.18 -999.0 -999.0 4.03 87.8 9.81 99.06 0.0 0.0 -999.0 325.96 -999.0 -999.0 -999.0 -999.0 -999.0 -999.0 -999.0
2024 155 4 0 -999.0 -4.49 8.36 -999.0 -999.0 5.17 86.67 9.96 99.06 0.0 4.68 -999.0 326.29 -999.0 -999.0 -999.0 -999.0 -999.0 -999.0 -999.0
2024 155 5 0 -999.0 0.03 16.2 -999.0 -999.0 5.16 87.52 9.8 99.07 0.0 56.55 -999.0 303.69 -999.0 -999.0 -999.0 -999.0 -999.0 -999.0 -999.0
2024 155 6 0 -999.0 24.27 43.41 -999.0 -999.0 5.54 83.61 10.41 99.09 0.0 143.28 -999.0 318.07 -999.0 -999.0 -999.0 -999.0 -999.0 -999.0 -999.0
2024 155 7 0 -999.0 39.62 76.08 -999.0 -999.0 5.75 76.29 10.74 99.11 0.01 213.46 -999.0 321.77 -999.0 -999.0 -999.0 -999.0 -999.0 -999.0 -999.0
2024 155 8 0 -999.0 68.98 107.33 -999.0 -999.0 5.13 73.0 11.16 99.1 0.0 294.72 -999.0 339.36 -999.0 -999.0 -999.0 -999.0 -999.0 -999.0 -999.0
2024 155 9 0 -999.0 92.67 133.13 -999.0 -999.0 4.52 71.08 11.46 99.07 0.0 369.27 -999.0 346.62 -999.0 -999.0 -999.0 -999.0 -999.0 -999.0 -999.0
2024 155 10 0 -999.0 117.84 163.87 -999.0 -999.0 3.25 71.64 11.8 99.09 0.0 455.12 -999.0 349.61 -999.0 -999.0 -999.0 -999.0 -999.0 -999.0 -999.0
2024 155 11 0 -999.0 135.37 188.42 -999.0 -999.0 4.11 70.93 12.3 99.07 0.0 514.38 -999.0 346.86 -999.0 -999.0 -999.0 -999.0 -999.0 -999.0 -999.0
2024 155 12 0 -999.0 146.61 209.05 -999.0 -999.0 4.64 70.04 12.75 99.05 0.0 559.14 -999.0 354.02 -999.0 -999.0 -999.0 -999.0 -999.0 -999.0 -999.0
2024 155 13 0 -999.0 136.14 206.45 -999.0 -999.0 4.68 68.56 13.16 99.05 0.0 535.52 -999.0 349.07 -999.0 -999.0 -999.0 -999.0 -999.0 -999.0 -999.0
2024 155 14 0 -999.0 90.51 167.93 -999.0 -999.0 4.69 67.78 13.42 99.03 0.0 391.58 -999.0 359.73 -999.0 -999.0 -999.0 -999.0 -999.0 -999.0 -999.0
2024 155 15 0 -999.0 65.55 145.21 -999.0 -999.0 4.72 68.06 13.54 99.0 0.0 332.26 -999.0 350.72 -999.0 -999.0 -999.0 -999.0 -999.0 -999.0 -999.0
2024 155 16 0 -999.0 41.2 117.65 -999.0 -999.0 4.9 68.29 13.53 98.98 0.0 250.78 -999.0 352.81 -999.0 -999.0 -999.0 -999.0 -999.0 -999.0 -999.0
2024 155 17 0 -999.0 23.12 93.48 -999.0 -999.0 4.6 68.99 13.41 98.95 0.02 184.29 -999.0 356.75 -999.0 -999.0 -999.0 -999.0 -999.0 -999.0 -999.0
2024 155 18 0 -999.0 3.91 52.77 -999.0 -999.0 4.02 71.08 13.05 98.94 0.01 78.46 -999.0 360.38 -999.0 -999.0 -999.0 -999.0 -999.0 -999.0 -999.0
2024 155 19 0 -999.0 -0.06 27.92 -999.0 -999.0 2.71 76.08 12.49 98.95 0.0 34.53 -999.0 352.1 -999.0 -999.0 -999.0 -999.0 -999.0 -999.0 -999.0
2024 155 20 0 -999.0 -2.68 9.34 -999.0 -999.0 1.54 82.1 11.63 98.91 0.0 4.43 -999.0 345.54 -999.0 -999.0 -999.0 -999.0 -999.0 -999.0 -999.0
2024 155 21 0 -999.0 -2.04 4.52 -999.0 -999.0 2.07 84.56 11.11 98.91 0.0 0.0 -999.0 336.73 -999.0 -999.0 -999.0 -999.0 -999.0 -999.0 -999.0
2024 155 22 0 -999.0 -1.84 3.62 -999.0 -999.0 1.05 89.74 10.48 98.87 0.0 0.0 -999.0 331.87 -999.0 -999.0 -999.0 -999.0 -999.0 -999.0 -999.0
2024 155 23 0 -999.0 -1.62 3.33 -999.0 -999.0 1.41 90.35 10.24 98.85 0.0 0.0 -999.0 333.11 -999.0 -999.0 -999.0 -999.0 -999.0 -999.0 -999.0
